M = [1 2 3 4 5 6 7 8 9 10;11 12 13 14 15 16 17 18 19 20; 21 22 23 24 25 26 27 28 29 30]
N = M(1:3,1:2)
P = M(1:3,8:10)
Q = M([1 3],[3 7])
R = M(:,1:2:end)